0:0,0,0,0
75:1,0,0,0
90:0,1,0,0
120:0,0,1,0
150:0,0,0,1
165:1,1,0,0
180:0,2,0,0
195:1,0,1,0
210:0,1,1,0
225:1,0,0,1
240:0,0,2,0
255:1,2,0,0
270:0,0,1,1
285:1,1,1,0
300:0,0,0,2
315:1,0,2,0
330:0,1,2,0
345:1,0,1,1
360:0,0,3,0
375:1,0,0,2
390:0,0,2,1
405:1,1,2,0
420:0,0,1,2
435:1,0,3,0
450:0,0,0,3
465:1,0,2,1
480:0,0,4,0
495:1,0,1,2
510:0,0,3,1
525:1,0,0,3
540:0,0,2,2
555:1,0,4,0
570:0,0,1,3
585:1,0,3,1
600:0,0,0,4
615:1,0,2,2
630:0,0,4,1
645:1,0,1,3
660:0,0,3,2
675:1,0,0,4
690:0,0,2,3
705:1,0,4,1
720:0,0,1,4
735:1,0,3,2
750:0,0,0,5
765:1,0,2,3
780:0,0,4,2
795:1,0,1,4
810:0,0,3,3
825:1,0,0,5
840:0,0,2,4
855:1,0,4,2
870:0,0,1,5
885:1,0,3,3
900:0,0,0,6
915:1,0,2,4
930:0,0,4,3
945:1,0,1,5
960:0,0,3,4
975:1,0,0,6
990:0,0,2,5
1005:1,0,4,3
1020:0,0,1,6
1035:1,0,3,4
1050:0,0,0,7
1065:1,0,2,5
1080:0,0,4,4
1095:1,0,1,6
1110:0,0,3,5
1125:1,0,0,7
1140:0,0,2,6
1155:1,0,4,4
1170:0,0,1,7
1185:1,0,3,5
1200:0,0,0,8
1215:1,0,2,6
1230:0,0,4,5
1245:1,0,1,7
1260:0,0,3,6
1275:1,0,0,8
1290:0,0,2,7
1305:1,0,4,5
1320:0,0,1,8
1335:1,0,3,6
1350:0,0,0,9
1365:1,0,2,7
1380:0,0,4,6
1395:1,0,1,8
1410:0,0,3,7
1425:1,0,0,9
1440:0,0,2,8
1455:1,0,4,6
1470:0,0,1,9
1485:1,0,3,7
1500:0,0,5,6
1515:1,0,2,8
1530:0,0,4,7
1545:1,0,1,9
1560:0,0,3,8
1575:1,0,5,6
1590:0,0,2,9
1605:1,0,4,7
1620:0,0,6,6
1635:1,0,3,8
1650:0,0,5,7
1665:1,0,2,9
1680:0,0,4,8
1695:1,0,6,6
